COD NAT. REND.,COD SERV.
15003,17.12
15003,17.12
15004,17.14
15004,17.14
15005,04.02
15005,05.03
15006,17.01
15006,17.09
15007,07.01
15007,07.19
15008,17.01
15008,17.03
15009,27.01
15009,27.01
15010,17.16
15010,17.16
15011,17.09
15011,28.01
15012,30.01
15012,04.01
15013,17.18
15013,17.18
15014,01.06
15014,17.01
15014,17.20
15015,17.19
15016,23.01
15016,31.01
15016,32.01
15017,17.20
15017,17.20
15018,07.03
15019,07.01
15019,07.19
15020,08.02
15020,17.24
15021,17.21
15022,04.08
15023,04.08
15024,07.01
15025,17.13
15026,04.01
15027,04.10
15028,04.12
15029,17.10
15030,02.01
15030,17.01
15031,01.08
15031,17.03
15032,01.01
15032,01.02
15032,01.04
15032,01.07
15032,01.08
15033,04.14
15034,04.15
15034,04.16
15035,07.12
15035,30.01
15036,04.02
15037,35.01
15038,33.01
15039,04.08
15040,17.02
15041,07.01
15042,05.01
15043,07.10
15043,07.11
15043,14.01
15044,07.10
15044,07.11
15044,14.01
15045,11.02
15045,11.05
15046,17.05
15047,10.04
15052,10.09
15099,14.02
15099,31.01
